n=0 shift=+3
9999                                             9 369
9999 9999                                        9 369 57 5 6 
9999 9999 9999                                   9 369 57 5 925 13
9999 9999 9999 9999                              9 369 57 5 925 13 1 581
9999 9999 9999 9999 9999                         9 369 57 5 925 13 1 581 79 7 8
9999 9999 9999 9999 9999 9999                    9 369 57 5 925 13 1 581 79 7 147 35
9999 9999 9999 9999 9999 9999 9999               9 369 57 5 925 13 1 581 79 7 147 35 3 703
9999 9999 9999 9999 9999 99999999999999999999    9 369 57 5 925 13 1 581 79 7 147 35 3 703 9190 
9999 9999 9999 9999 9999 99999999999999999999    9 369 57 5 925 13 1 581 79 7 147 35 3 703 9193 6957
9999 9999 9999 9999 9999 9999 9999 9999 9999 9999    9 369 57 5 925 13 1 581 79 7 147 35 3 703 9193 6957 5925
8888                                             8258
88888888                                         8258 4645

6497

n=1 shift=+1
9999                      0423
9999 9999                 0424 9060
9999 99999999             0424 9060 8056
9999 999999999999         0424 9060 8056 2645
9999 9999999999999999     0424 9060 8056 2646 1282
9999 99999999999999999999 0424 9060 8056 2646 1282 0278

n=2 shift=+8
9999                      0764
99999999                  0762 8651
999999999999              0762 8663 2842
9999999999999999          0762 8663 2842 2986
99999999999999999999      0762 8663 2842 2984 0873
999999999999999999999999  0762 8663 2842 2984 0885 4064


9999 9999 9999 9999 9999 8999 9999999999999999    9369 5759 2513 1581 7971 4635 3703 9193 6957 5925
9999999999999999999999999999999999999999    9369 5759 2513 1581 7971 4735 3703 9193 6957 580
9223372036854775807

nnnnnnnnnnnnnnnnnnnnnnnn aaaa bbbb cccc dddd eeee ffff
888888888888888888888888 8258 4648 1402 0470


n=0 swap_table: s=1
0. 1 2 3. 4 5. 6. 7 8 9. 10 11. 12. 13 14 15. 16 17. 18. 19 20 21. 22 23. 24 25 26 27 28 29 30 31 32 33 34 35 36 37 38 
0. 2 3 1. 5 4. 6. 8 9 7. 11 10. 12. 14 15 13. 17 16. 18. 20 21 19. 23 22. 24 26 27 25 29 28 30 32 33 31 35 34 36 38 39 37

n=1 swap_table: s=2
1 0 2 4 5 3 7 6 8 10 11 9 13 12 14 16 17 15 19 18

n=2 swap_table: s=3
1 2 0 4 3 5 7 8 6 10 9 11 13 14 12 16 15 17 19 18

n=3 swap_table:
0 2 3 1 5 4 6 8 9 7 11 10 12 14 15 13 17 16 18 19